3378
3335
3536
3902
4095
4095
4095
4095
4065
3665
3393
3330
3518
3882
4095
4095
4095
4095
4084
3687
3397
3332
3498
3857
4095
4095
4095
4095
4095
3674
3408
3328
3485
3837
4095
4095
4095
4095
4095
3725
3421
3324
3468
3812
4095
4095
4095
4095
4095
3749
3437
3333
3456
3772
4095
4095
4095
4095
4095
3760
3448
3322
3438
3764
4095
4095
4095
4095
4095
3799
3464
3326
3431
3741
4095
4095
4095
4095
4095
3822
3483
3230
3412
3698
4095
4095
4095
4095
4095
3848
3497
3325
3408
3696
4082
4095
4095
4095
4095
3860
3511
3329
3386
3674
4071
4095
4095
4095
4095
3892
3528
3335
3380
3657
4048
4095
4095
4095
4095
3918
3552
3336
3367
3636
4030
4095
4095
4095
4095
3944
3572
3375
3362
3616
3997
4095
4095
4095
4095
3946
3582
3346
3356
3593
3976
4095
4095
4095
4095
3993
3605
3359
3346
3568
3949
4095
4095
4095
4095
4052
3650
3381
3315
3525
3890
4095
4095
4095
4095
4073
3677
3387
3326
3521
3856
4095
4095
4095
4095
4095
3698
3402
3320
3492
3841
4095
4095
4095
4095
4095
3722
3412
3323
3470
3828
4095
4095
4095
4095
4095
3746
3431
3327
3461
3793
4095
4095
4095
4095
4095
3768
3444
3325
3454
3775
4095
4095
4095
4095
4095
3789
3457
3333
3432
3749
4095
4095
4095
4095
4095
3812
3475
3324
3421
3729
4095
4095
4095
4095
4095
3834
3489
3328
3411
3706
4095
4095
4095
4095
4095
3859
3505
3331
3408
3682
4081
4095
4095
4095
4095
3886
3522
3332
3386
3665
4056
4095
4095
4095
4095
3904
3537
3341
3382
3608
4034
4095
4095
4095
4095
3935
3561
3344
3361
3621
4007
4095
4095
4095
4095
3958
3581
3350
3344
3601
3979
4095
4095
4095
4095
3981
3596
3356
3323
3580
3965
4095
4095
4095
4095
3996
3617
3371
3350
3563
3932
4095
4095
4095
4095
4030
3639
3371
3342
3539
3928
4095
4095
4095
4095
4054
3661
3378
3338
3532
3888
4095
4095
4095
4095
4076
3682
3398
3331
3505
3869
4095
4095
4095
4095
4095
3705
3420
3324
3491
3836
4095
4095
4095
4095
4095
3723
3422
3324
3464
3816
4095
4095
4095
4095
4095
3745
3426
3321
3464
3794
4095
4095
4095
4095
4095
3771
3441
3324
3445
3769
4095
4095
4095
4095
4095
3792
3397
3323
3435
3748
4095
4095
4095
4095
4095
3814
3467
3319
3418
3731
4095
4095
4095
4095
4095
3823
3490
3321
3411
3707
4095
4095
4095
4095
4095
3845
3503
3334
3392
3755
4083
4095
4095
4095
4095
3886
3544
3338
3387
3660
4037
4095
4095
4095
4095
3910
3535
3336
3376
3632
4032
4095
4095
4095
4095
3936
3557
3349
3353
3617
4007
4095
4095
4095
4095
3955
3578
3348
3355
3600
3983
4095
4095
4095
4095
3964
3596
3359
3366
3564
3961
4095
4095
4095
4095
4006
3612
3369
3341
3519
3908
4095
4095
4095
4095
4075
3670
3397
3331
3514
3876
4095
4095
4095